0.000000	0.00000000
20.000000	0.00000000
38.425343	0.00000000
63.647804	0.00000000
95.636963	0.00000000
134.483307	0.00000000
180.584351	0.00000000
234.779053	0.00000000
298.495789	0.00000000
373.971924	0.00000000
464.618134	0.00000000
575.651001	0.00000000
713.218079	0.00000000
883.660522	0.00000000
1094.834717	0.00000000
1356.474609	0.00000000
1680.640259	0.00000000
2082.273926	0.00000000
2579.888672	0.00000000
3196.421631	0.00000000
3960.291504	0.00000000
4906.708496	0.00000000
6018.019531	0.00000000
7306.631348	0.00000000
8765.053711	0.00007582
10376.126953	0.00046139
12077.446289	0.00181516
13775.325195	0.00508112
15379.805664	0.01114291
16819.474609	0.02067788
18045.183594	0.03412116
19027.695313	0.05169041
19755.109375	0.07353383
20222.205078	0.09967469
20429.863281	0.13002251
20384.480469	0.16438432
20097.402344	0.20247594
19584.330078	0.24393314
18864.750000	0.28832296
17961.357422	0.33515489
16899.468750	0.38389215
15706.447266	0.43396294
14411.124023	0.48477158
13043.218750	0.53570992
11632.758789	0.58616841
10209.500977	0.63554746
8802.356445	0.68326861
7438.803223	0.72878581
6144.314941	0.77159661
4941.778320	0.81125343
3850.913330	0.84737492
2887.696533	0.87965691
2063.779785	0.90788388
1385.912598	0.93194032
855.361755	0.95182151
467.333588	0.96764523
210.393890	0.97966272
65.889244	0.98827010
7.367743	0.99401945
0.000000	0.99763012
0.000000	1.00000000
