//|Missing
M00|0
00|0
01|1
M01|-1
02|2
M02|-2
03|3
M03|-3
04|4
M04|-4
05|5
M05|-5
06|6
M06|-6
07|7
M07|-7
08|8
M08|-8
09|9
M09|-9
10|10
M10|-10
11|11
M11|-11
12|12
M12|-12
13|13
M13|-13
14|14
M14|-14
15|15
M15|-15
16|16
M16|-16
17|17
M17|-17
18|18
M18|-18
19|19
M19|-19
20|20
M20|-20
21|21
M21|-21
22|22
M22|-22
23|23
M23|-23
24|24
M24|-24
25|25
M25|-25
26|26
M26|-26
27|27
M27|-27
28|28
M28|-28
29|29
M29|-29
30|30
M30|-30
31|31
M31|-31
32|32
M32|-32
33|33
M33|-33
34|34
M34|-34
35|35
M35|-35
36|36
M36|-36
37|37
M37|-37
38|38
M38|-38
39|39
M39|-39
40|40
M40|-40
41|41
M41|-41
42|42
M42|-42
43|43
M43|-43
44|44
M44|-44
45|45
M45|-45
46|46
M46|-46
47|47
M47|-47
48|48
M48|-48
49|49
M49|-49
50|50
M50|-50
51|51
M51|-51
52|52
M52|-52
53|53
M53|-53
54|54
M54|-54
55|55
M55|-55
56|56
M56|-56
57|57
M57|-57
58|58
M58|-58
59|59
M59|-59
60|60
M60|-60
61|61
M61|-61
62|62
M62|-62
63|63
M63|-63
64|64
M64|-64
65|65
M65|-65
66|66
M66|-66
67|67
M67|-67
68|68
M68|-68
69|69
M69|-69
70|70
M70|-70
71|71
M71|-71
72|72
M72|-72
73|73
M73|-73
74|74
M74|-74
75|75
M75|-75
76|76
M76|-76
77|77
M77|-77
78|78
M78|-78
79|79
M79|-79
80|80
M80|-80
81|81
M81|-81
82|82
M82|-82
83|83
M83|-83
84|84
M84|-84
85|85
M85|-85
86|86
M86|-86
87|87
M87|-87
88|88
M88|-88
89|89
M89|-89
90|90
M90|-90
91|91
M91|-91
92|92
M92|-92
93|93
M93|-93
94|94
M94|-94
95|95
M95|-95
96|96
M96|-96
97|97
M97|-97
98|98
M98|-98
99|99
M99|-99
